survival_time,no_at_risk,no_of_death
0--5,40,5
5--10,35,7
10--15,28,6
15--20,22,4
20--25,18,5
25--30,13,4
30--35,9,4
35--40,5,0
40--45,5,2
45--50,3,1
>=50,2,2
