year_of_follow_up,number_alive_at_the_beginning_of_the_interval,number_dying_in_the_interval
0--1,1100,240
1--2,860,180
2--3,680,184
3--4,496,138
4--5,358,118
5--6,240,60
6--7,180,52
7--8,128,44
8--9,84,32
>= 9,52,28
