age_interval,number_living_at_beginning,number_dying_in_interval
0--1,100000,2593
1--5,97407,409
5--10,96998,233
10--15,96765,214
15--20,96551,440
20--25,96111,594
25--30,95517,612
30--35,94905,761
35--40,94144,1080
40--45,93064,1686
45--50,91378,2622
50--55,88756,4045
55--60,84711,5644
60--65,79067,7920
65--70,71147,10290
70--75,60857,12687
75--80,48170,14594
80--85,33576,15034
>= 85,18542,18542
